(0,0):(-19.0,-32.0)
(1,0):(5.0,-32.0)
(-1,0):(-43.0,-32.0)
(0,1):(-19.0,38.0)
(0,-1):(-19.0,-102.0)
(1,1):(5.0,38.0)
(1,-1):(5.0,-102.0)
(-1,-1):(-43.0,-102.0)
(-1,1):(-43.0,38.0)
(2,0):(29.0,-32.0)
(2,1):(29.0,38.0)
(2,-1):(29.0,-102.0)
(-2,0):(-67.0,-32.0)
(-2,-1):(-67.0,-102.0)
(-2,1):(-67.0,38.0)
(0,2):(-19.0,108.0)
(1,2):(5.0,108.0)
(-1,2):(-43.0,108.0)
(0,-2):(-19.0,-172.0)
(1,-2):(5.0,-172.0)
(-1,-2):(-43.0,-172.0)
(2,2):(29.0,108.0)
(2,-2):(29.0,-172.0)
(-2,-2):(-67.0,-172.0)
(-2,2):(-67.0,108.0)
(3,0):(53.0,-32.0)
(3,1):(53.0,38.0)
(3,-1):(53.0,-102.0)
(3,2):(53.0,108.0)
(3,-2):(53.0,-172.0)
(-3,0):(-91.0,-32.0)
(-3,-1):(-91.0,-102.0)
(-3,1):(-91.0,38.0)
(-3,-2):(-91.0,-172.0)
(-3,2):(-91.0,108.0)
(0,3):(-19.0,178.0)
(1,3):(5.0,178.0)
(-1,3):(-43.0,178.0)
(2,3):(29.0,178.0)
(-2,3):(-67.0,178.0)
(0,-3):(-19.0,-242.0)
(1,-3):(5.0,-242.0)
(-1,-3):(-43.0,-242.0)
(2,-3):(29.0,-242.0)
(-2,-3):(-67.0,-242.0)
(3,3):(53.0,178.0)
(3,-3):(53.0,-242.0)
(-3,-3):(-91.0,-242.0)
(-3,3):(-91.0,178.0)
(4,0):(77.0,-32.0)
(4,1):(77.0,38.0)
(4,-1):(77.0,-102.0)
(4,2):(77.0,108.0)
(4,-2):(77.0,-172.0)
(4,3):(77.0,178.0)
(4,-3):(77.0,-242.0)
(-4,0):(-115.0,-32.0)
(-4,-1):(-115.0,-102.0)
(-4,1):(-115.0,38.0)
(-4,-2):(-115.0,-172.0)
(-4,2):(-115.0,108.0)
(-4,-3):(-115.0,-242.0)
(-4,3):(-115.0,178.0)
(0,4):(-19.0,248.0)
(1,4):(5.0,248.0)
(-1,4):(-43.0,248.0)
